3,2
3,1
3,3
10,279
10,9
10,293
10,15
10,285
8,5
8,17
8,7
8,12
8,4
8,11
8,2
8,3
88,3
88,2
88,1
88,0
49,11
49,10
49,9
49,8
49,7
49,6
49,5
49,3
49,1
44,14
44,12
44,11
44,2
44,1
44,0
35,4
35,3
35,2
35,1
34,3
34,1
33,3
33,1
31,3
31,1
29,3
29,1
26,3
26,1
20,3
20,2
20,1
19,3
19,2
19,1
12,3
12,2
12,1
11,29
11,28
11,27
11,26
11,25
11,24
11,23
11,22
11,21
11,20
11,19
11,18
11,17
11,16
11,15
11,14
11,13
11,12
11,11
11,10
11,8
11,7
11,6
11,5
11,3
11,2
11,1
10,311
10,304
10,295
10,276
10,268
10,247
10,231
10,225
10,219
18,1
18,3
14,1
14,3
13,1
10,217
13,3
10,213
10,177
10,157
10,149
10,136
10,133
2,2
2,1
10,132
2,3
10,102
10,67
